672
5238
24758
15090
5910
32159
32767
822
5239
7105
6266
4382
1621
2263
26634
7076
849
8085
14952
6120
9009
958
4888
8403
4909
3271
3886
5040
1825
11061
79
2916
4282
2217
7795
3945
2802
2358
5136
495
349
592
2493
13710
2363
11634
3773
12799
3962
2328
7792
2078
8434
1781
9183
6423
7487
6885
9337
5342
7062
1514
7525
1005
-54
52
124
23
-97
1
21055
-30
-58
-78
159
82
-14
-91
-1773
-60
-36
95
76
25
28
23
23
99
-47
-122
51
-45
-51
69
-5
-27
69
20
-38
-78
35
-62
-48
-30
-23
-32
-67
151
6
128
31
101
-11
-29
-30
-44
96
-59
382
-53
-2
64
-39
29
56
-53
31
-37
