686
1030
1125
859
940
957
861
954
1079
1128
815
1075
742
1337
1032
918
644
981
977
1104
1205
1062
831
849
855
937
1029
991
1075
985
602
870
680
1101
964
1085
993
980
1130
979
670
788
1141
1075
987
1075
1130
642
789
1333
1250
906
1074
870
701
1173
894
1301
1272
849
996
876
930
889
922
1111
1277
973
1055
1256
1041
811
1224
933
1014
1314
867
1410
1159
1202
1376
983
858
760
920
1187
843
709
592
897
1093
625
1184
777
1221
931
1227
814
847
812
750
1402
861
876
710
1283
951
1161
1174
754
1069
846
946
973
839
1276
756
1219
1018
1149
913
1208
1064
1217
918
950
966
1075
923
1163
1137
1254
982
870
879
1049
992
1037
998
1131
1274
1168
1180
879
740
1273
1172
994
884
1135
936
1486
727
886
1004
874
704
888
1027
819
1043
767
881
1395
769
1313
1404
1395
1290
1152
1092
1042
1161
1225
773
943
981
772
1228
1252
699
1057
891
1606
822
1107
887
876
1060
1184
1344
981
717
895
933
981
906
988
702
1161
1140
1283
886
997
996
1100
1018
871
782
1222
737
630
791
1067
1078
1157
1343
629
1048
927
1110
755
994
1270
780
1118
656
1142
1523
1113
867
1054
1103
913
966
526
1019
1267
1088
1143
1081
1372
1436
1230
959
710
1185
1131
1321
907
914
757
984
1407
1018
983
725
1273
1284
745
643
940
1020
797
980
695
1170
1131
1408
903
772
1089
1587
1354
880
924
973
864
642
1185
794
1047
1142
756
856
1037
1365
785
656
990
878
826
952
981
888
804
902
978
971
710
920
1098
1189
738
750
1107
949
1039
856
1010
1006
1116
915
1126
799
765
728
792
1248
1090
883
1160
890
988
1209
955
1270
747
877
848
933
1136
1487
1261
818
968
893
1172
771
1121
1018
1016
958
987
990
1001
819
876
815
923
998
1139
1048
1046
973
1403
1029
1013
1063
935
1285
1227
736
1027
1054
1313
1480
935
624
753
907
1051
1011
1067
1154
1001
1307
957
1003
639
819
1175
898
1197
903
754
1010
767
1192
1102
847
1373
850
1195
1171
965
1119
1033
995
782
1044
719
996
986
946
963
800
860
1005
862
1094
1092
738
947
670
1303
1278
1160
826
1158
1113
1017
1152
1128
968
972
836
737
1108
650
986
600
799
869
1065
888
983
985
1024
777
797
1112
1049
1349
1131
730
857
1057
663
760
951
1332
866
1027
984
1144
869
661
735
657
1035
820
943
1001
977
1027
1292
1040
1863
1006
776
1146
1056
1197
1208
1111
1036
877
1126
1132
950
878
890
844
1119
960
698
947
1197
900
549
738
928
761
1020
845
1425
878
638
1066
799
924
803
694
1403
1163
644
953
1122
1099
1319
833
