97
228
154
183
79
10
-15
233
-12
-268
85
-116
739
265
481
-353
121
0
22
25
-295
-86
-297
392
234
116
-89
-267
201
561
-8
54
652
-421
320
61
-391
88
183
-285
-99
305
142
58
326
-258
91
148
142
248
-346
223
-117
228
93
380
119
249
101
219
350
8
-348
494
52
-176
-172
130
276
-24
-280
157
-194
-148
-247
565
38
-97
532
26
175
-341
-216
-50
63
-211
-263
-54
163
125
46
-194
453
102
-242
143
227
136
91
150
18
31
-254
-175
-172
139
-21
182
224
147
-372
-306
13
-494
101
-516
285
11
-237
-259
-267
-191
-44
274
-254
136
43
34
385
-104
219
-216
-71
-224
72
251
338
486
-225
250
-405
407
286
-105
-93
485
-135
16
-604
19
162
109
453
-261
107
148
171
6
-338
-90
251
-224
-131
-215
-387
-106
247
-255
130
9
38
115
64
207
-37
4
208
-97
51
-226
-61
51
160
72
-34
-231
-151
200
32
378
-170
135
-89
107
24
55
-359
-63
75
225
-61
58
205
125
-400
-157
-260
-642
88
-308
54
-165
101
232
-350
150
-172
155
-282
237
459
595
-121
96
18
181
587
-138
-102
279
-95
7
200
-175
372
33
91
-52
111
277
-446
-263
89
118
-169
-200
21
276
-146
343
-165
-292
-127
-54
-101
238
-185
-276
312
186
-44
-221
-178
289
96
147
-261
3
-130
-381
263
-231
-136
190
-19
112
-87
839
-53
-8
-505
391
118
-614
494
-8
-260
143
90
22
303
123
227
-8
179
-148
-130
-30
38
205
38
-227
166
-300
169
-17
289
37
31
-664
447
-250
339
12
246
-139
224
211
-17
238
110
-163
46
263
-81
-306
-280
79
631
-76
-134
65
225
80
-22
195
-53
126
190
393
-324
-4
278
-218
367
3
-267
9
124
-2
188
-66
-176
-210
718
-80
-192
334
147
-290
-250
-38
424
-72
49
118
111
-356
-260
59
-346
296
323
-37
185
266
18
49
105
-155
-71
60
-202
-243
134
-148
-207
-206
-482
-115
152
370
22
146
-9
471
-533
-75
-104
169
-154
620
-6
-116
601
-261
117
69
-104
-226
-160
-108
444
60
319
9
80
32
230
361
200
-107
0
541
-307
105
445
1
80
-302
-433
100
-106
393
-305
108
-464
-633
279
856
83
-161
222
-67
-339
153
179
-347
297
-322
-290
-120
37
186
-116
-143
-86
361
576
-298
-152
-321
-486
-99
407
-255
-108
-53
161
96
-131
-254
-24
37
40
-207
-298
-18
-85
189
135
33
157
152
317
-179
101
287
-301
-148
112
64
-138
-82
240
152
87
-214
430
279
227
382
-308
-21
-192
204
-6
-66
-33
120
-142
-119
352
38
170
201
-66
-38
-62
-97
-277
0
-196
-507
424
-21
19
-108
88
35
-183
-269
-154
623
-335
107
385
-122
-60
204
-86
45
-131
-56
34
-47
65
-106
77
438
-290
125
519
-337
315
-206
114
-29
172
-127
-186
181
280
385
-275
76
-37
63
-102
-157
107
-455
286
-395
-496
-114
-52
-123
-31
-424
61
-134
222
-193
218
83
-160
-279
-125
-264
-102
15
-151
-426
-286
-81
347
-626
-380
162
106
-93
52
-247
20
291
-44
322
-311
-50
325
-87
270
-17
407
55
68
412
-253
118
106
-17
-66
-59
-106
70
-323
-382
142
79
116
142
-105
-143
-145
-100
-464
23
-160
2
-251
92
-118
228
224
-391
-102
192
-60
50
-154
-174
-714
95
-173
-94
-644
233
-172
333
-101
-154
509
-57
144
-192
-59
321
-48
-174
-84
-439
-25
77
-498
57
-169
-319
-156
-153
-426
-376
-73
-71
-8
-35
439
98
-351
231
72
-181
-154
-295
-19
-133
32
-369
-524
-416
-185
39
87
286
188
147
-184
97
-241
-415
290
446
185
-119
-50
343
-163
-322
-91
51
96
438
2
27
153
-323
-188
-57
413
-113
-275
106
75
626
-103
-461
-366
14
22
33
116
321
-168
180
352
7
72
125
209
312
-211
506
110
-123
358
412
-483
19
296
463
249
-104
284
84
-33
-124
74
313
68
-160
-235
-90
-301
-516
150
-333
364
-217
-77
-133
-143
279
212
-259
-118
-77
-384
233
22
199
-170
86
-72
148
-124
-255
368
144
218
637
177
681
6
-347
-269
-444
39
-163
-149
-421
-204
757
-120
-45
-138
-67
236
-317
657
-147
-57
-339
50
245
87
84
-461
313
428
-102
217
-20
0
-560
234
4
185
295
-543
243
377
-226
-222
49
76
227
-48
79
-94
-204
95
142
-131
598
245
306
201
-68
229
-7
311
43
154
-247
-227
-49
-398
-90
-159
-187
529
20
28
-291
367
38
-12
107
27
-231
-24
61
153
-205
418
64
-221
-199
-42
-556
-184
-203
-6
-231
-270
-369
-127
-205
-156
283
-6
-290
292
-38
227
-65
184
-250
-234
-203
-189
-184
-242
685
-354
105
172
280
-396
-80
-334
-77
-761
-60
330
-376
-49
101
115
109
92
-42
-232
236
53
198
-315
37
762
-44
297
227
95
515
-401
117
-156
195
162
-195
228
115
-123
-192
-71
117
74
-210
210
-106
-31
-86
-373
-244
382
180
-35
-497
151
-125
114
76
-159
-129
-414
79
-298
9
-202
-311
3
-4
0
265
206
129
20
-88
-246
-434
-458
141
37
31
-35
-9
497
133
-82
365
166
208
-280
207
-431
96
-177
758
-270
-204
191
56
107
-75
-240
-42
-176
10
46
-444
-169
-10
-35
-367
-87
14
2
178
120
141
125
199
81
-218
-154
-45
161
56
289
-16
12
94
-170
129
-240
-200
-15
93
-373
-186
-381
149
-29
335
103
-550
251
10
-137
150
92
34
84
-202
-225
-41
247
95
125
-90
-230
3
-2
480
-138
25
69
213
38
-135
-376
308
-58
213
101
131
-302
138
-156
-5
90
-50
38
88
-158
278
-171
45
31
-51
-138
2
28
-216
232
60
90
143
200
-276
426
-144
-5
-447
-199
-209
63
-154
-99
-389
-187
-215
-98
-62
-45
339
-318
175
-501
-532
-358
-402
81
-210
-148
67
225
-350
-187
-74
-243
89
-130
145
55
-234
165
-45
406
95
-86
-37
4
-200
-664
-118
444
-78
17
-15
-351
216
-253
40
164
-239
148
-187
9
115
-133
60
-212
122
79
139
-80
-316
320
-401
-264
-278
4
-109
-326
43
57
-232
-238
251
261
-469
159
542
-425
441
-220
207
73
11
307
126
83
-208
270
-224
16
-3
600
-281
-199
182
129
-69
55
248
297
-293
-19
-296
148
-111
-77
7
-436
320
130
157
-57
-148
479
-380
-79
6
-47
-213
47
70
-319
42
-268
166
139
18
-183
316
-283
-80
116
-13
67
-73
-97
-299
156
55
-277
-204
198
-504
-95
-149
132
-264
52
271
-22
-119
-54
-372
38
-380
-58
195
26
-81
-21
12
-331
80
-280
-384
-233
-36
-78
127
-234
-5
-50
83
228
-450
-216
48
110
85
-153
-536
93
-253
-292
-168
183
49
-548
-343
133
-409
266
-62
-11
158
291
320
75
28
-80
188
-226
-5
462
-340
-5
-271
17
-154
128
70
121
22
62
313
114
-254
-160
-464
113
-241
135
-49
387
361
-440
199
-91
-154
-231
361
-82
-170
-113
130
10
-43
92
-66
27
27
311
-267
432
192
-72
2
-205
-252
-35
163
-177
-329
-144
202
226
-208
120
63
392
7
136
-104
-126
-23
-145
-166
301
-47
-192
-525
0
219
-30
-209
21
46
23
5
-170
-249
-26
452
-303
-19
49
-75
242
-9
-38
-234
-189
343
-35
32
-213
-607
-213
55
102
-497
-107
-144
35
-495
-264
51
3
198
455
246
151
-291
107
5
-13
-174
270
52
-127
-363
112
-106
110
123
-355
132
266
-37
684
293
-104
-181
209
-356
-72
-165
-150
517
141
-8
167
-46
161
-109
130
257
-179
112
241
-144
-108
78
-100
-4
-168
294
25
-41
-293
-59
28
-145
-149
229
48
-202
-10
-155
-40
-4
120
46
616
-586
-174
168
-240
55
-171
-124
241
0
-116
-307
-282
23
-193
301
-305
99
-216
321
-46
76
-174
103
7
-5
-147
133
-58
39
-33
-18
-418
-72
276
-7
-299
-368
5
51
439
-277
-27
25
-250
147
285
-83
9
129
-366
178
278
-25
-127
57
8
26
446
-18
232
-551
222
181
-320
-505
-293
-86
-123
298
362
-242
-187
6
-98
262
282
-38
343
135
-231
139
205
395
-342
-153
147
26
396
-579
51
-33
-106
44
114
281
201
132
-199
224
133
-91
-366
99
64
-141
72
-34
327
156
-220
55
-129
130
-132
10
-354
-312
-309
78
-128
-101
-286
-349
-148
255
-24
-254
-173
-125
-1
-339
-957
-59
-81
64
69
338
112
461
7
479
45
-172
-82
138
248
-185
261
4
-124
-39
-136
-60
-171
-194
-41
31
114
-83
-180
-75
-69
-169
-106
257
-298
-138
32
-74
-750
220
-246
-111
-426
-163
-292
-358
725
181
-245
-210
-199
5
116
198
-240
-133
-269
-163
-27
339
-51
-145
-361
-220
21
-189
-163
156
169
-78
-197
150
-177
-214
-52
-198
-200
-207
-244
85
-48
131
-155
-174
-74
183
-14
-194
355
383
-147
313
102
77
111
16
111
-85
459
-114
-247
-36
260
221
235
172
50
215
140
66
177
-627
-411
89
168
103
87
865
443
-200
353
-35
390
260
538
-103
-57
175
195
18
-258
-95
-101
196
380
211
-278
-18
138
-282
7
96
-235
-1
-72
-51
90
-70
241
-301
74
267
-287
271
98
296
104
226
272
305
-110
261
-102
241
95
-34
-134
-251
87
405
39
-317
-207
-57
-112
-97
-83
232
-155
170
345
18
-253
137
209
193
-139
-94
-273
-54
-96
209
71
52
-240
143
-245
-51
-115
19
243
87
444
501
-30
-68
-255
374
-182
-162
72
-129
17
432
315
54
-268
-360
247
-252
-155
7
127
-606
445
35
-200
126
0
-135
455
144
247
-144
-99
-194
174
-80
153
-8
-276
55
406
-97
-240
-220
40
120
158
432
389
66
348
50
-186
520
701
-56
719
279
-15
-143
297
-307
70
-111
258
174
168
248
-500
-74
182
105
-202
-92
215
-88
70
302
44
190
-289
193
463
29
436
214
-240
452
12
-229
4
-245
-28
-39
97
231
119
-547
-147
152
-55
-58
139
-47
-548
-98
7
-41
-236
-247
33
8
-390
19
-33
-191
151
-89
-28
250
202
-193
-140
-345
162
-459
-149
315
88
-536
-291
-128
-124
-169
4
176
-188
43
133
415
180
-104
-200
107
-8
44
46
75
229
-275
398
-79
-285
125
-222
159
-324
-2
169
-136
-14
73
-300
-535
258
26
-48
-240
-76
-26
19
-399
294
372
-491
283
-138
88
303
-307
-58
-117
395
117
-158
129
199
-277
-129
-57
-129
337
166
140
-42
231
-189
163
469
312
-96
148
312
-287
-184
-97
-463
680
143
-79
-252
320
150
-206
117
-175
17
294
30
-547
-347
125
-187
160
316
132
48
-174
-241
113
10
119
-559
172
-20
-34
478
-94
223
-554
317
-265
-161
-127
257
-252
-137
139
376
-264
-224
-105
-293
353
-566
-16
42
52
-80
-190
252
328
12
99
302
593
232
-158
28
-105
-6
-139
524
-126
-202
-106
-132
-110
3
329
-160
-54
-130
-192
56
-244
-25
361
-454
-143
90
-141
54
-139
-135
-75
-170
215
-91
-217
-49
20
-205
187
54
55
-859
-166
-258
128
-462
119
85
4
31
219
385
410
29
-429
-118
-383
212
69
408
387
491
-388
126
27
-64
109
-84
-132
-156
-164
76
-571
73
-15
-435
-304
322
76
165
27
370
20
15
-290
-402
-156
-176
-86
-73
-298
-56
-467
-490
81
-24
430
-131
136
184
99
-255
-217
-16
426
-353
-9
-402
260
-303
-53
283
112
369
-130
96
-132
69
-175
-25
-330
-76
-219
-188
-19
241
-334
-339
186
-105
-54
0
-117
165
-448
-46
57
668
-63
-289
96
-349
240
-191
-505
-10
126
142
52
-100
593
516
179
-89
-296
-110
-597
431
-492
-427
173
-257
92
-120
-261
187
-193
64
302
146
-219
63
-135
-205
279
168
399
-114
389
126
0
-72
1
-28
-99
342
-293
167
433
133
-194
244
-338
250
350
361
-313
-305
331
-18
142
180
439
61
-73
109
425
198
416
-239
120
-16
-413
-17
73
-25
-304
85
2
76
-70
-242
21
158
22
-103
176
-547
-223
125
-216
-348
-209
-321
82
-136
726
-388
-103
97
275
-315
185
-207
3
-141
-401
29
363
4
-42
-116
-59
-262
-145
184
-59
332
145
19
-374
-15
163
162
164
-114
-109
207
-260
118
-80
167
-408
342
-306
-239
212
170
-94
37
-12
47
-139
75
378
-442
89
165
-130
-326
-134
-136
-84
-261
31
339
424
-64
-271
-58
250
3
40
-10
-69
146
201
-211
49
27
216
-121
-69
-410
-19
-221
-95
-77
98
-28
287
-269
-717
255
-18
-85
-253
13
364
176
177
212
43
-104
212
-48
-309
299
-27
-97
59
-97
271
-54
-181
-34
656
-343
102
-92
118
-249
122
-6
224
-369
81
-183
95
-104
613
-11
-197
450
-75
126
474
-212
-107
-188
-154
412
-166
255
456
372
361
11
433
-238
50
-221
208
-173
-190
860
235
60
259
-159
468
-247
90
-30
-25
172
-185
292
149
-25
322
40
-265
200
-46
141
-284
-52
71
236
-336
-52
-67
-303
-90
13
228
-108
-383
-338
17
-234
63
88
-144
351
-535
-134
-210
245
105
316
429
235
-189
22
-125
2
181
-75
245
194
89
-90
-262
269
209
74
-859
211
297
-353
97
-202
247
-469
-11
-181
420
153
237
-463
-252
-24
-16
333
-140
133
125
-114
432
179
-63
140
243
-486
273
430
212
30
450
-451
-93
778
-142
297
-560
68
250
-151
-340
-258
-142
100
25
364
-1
-278
-166
-560
746
-47
102
308
95
-477
-107
178
550
-278
-440
13
411
199
-282
-43
-309
-441
774
42
-3
-530
-677
51
154
307
43
75
-166
105
2
334
-197
59
94
-45
27
505
-15
-380
-230
-55
351
13
-360
81
89
-337
-95
-88
113
-75
-291
-117
155
-210
-249
-320
-246
291
-125
497
52
-212
647
-46
-160
251
-299
269
15
376
132
57
137
61
242
120
191
-22
-139
-115
-78
-677
-239
-355
-166
360
350
-402
147
-296
-295
121
371
-227
99
-516
-605
121
-402
-154
72
-62
106
-183
569
-199
485
-453
89
426
273
461
-383
-313
-2
-363
-193
72
-72
32
230
112
325
80
-251
-162
130
-428
-295
-333
-119
-97
-300
-438
-348
-435
-378
21
179
-356
-45
308
-300
-221
334
-437
64
388
293
305
109
176
341
37
26
-321
-265
483
294
323
444
62
-104
-432
264
-586
269
97
-96
-486
326
-150
333
-202
-84
782
-39
141
217
403
-107
481
-141
-255
110
109
292
-20
-203
358
-219
137
-24
21
346
381
67
-92
461
-76
-274
-1
169
270
-200
53
-410
57
-372
-127
342
1
232
173
-479
-21
21
4
528
-97
439
-136
-148
-153
334
-128
-387
-140
-215
-41
138
-285
402
427
-634
124
-30
-15
75
-226
-22
-93
17
-199
359
125
123
-315
-228
-434
297
-380
-33
-258
-531
-163
45
-167
788
-201
-226
-173
16
371
-7
118
-250
-194
328
166
-436
-332
-474
127
50
309
-81
-161
-353
123
77
377
-58
367
-329
284
121
-126
231
1
155
-181
-10
-119
317
-336
420
241
-327
83
56
-28
-254
129
380
286
46
-170
-61
162
385
219
-321
-539
417
340
178
-89
423
-204
-122
198
216
-298
-13
195
44
272
283
-246
102
327
-345
454
-226
-403
-543
-101
-70
558
473
169
58
45
512
1
14
-223
-364
119
49
-474
97
-114
252
88
468
-402
-323
44
420
-336
78
-202
478
-94
-95
-607
-225
22
405
231
-27
155
318
222
113
-324
100
-256
111
-142
171
164
366
-135
-334
-197
200
13
-324
99
360
-167
-114
535
117
-413
6
-362
350
-316
144
-261
-121
148
-226
120
202
48
14
289
-18
38
192
109
-428
161
-269
-31
-399
-218
-47
-168
-81
53
320
-68
-22
-108
-42
-256
214
116
-189
-89
-275
-377
-171
-276
8
-402
-132
-106
105
73
-197
-140
184
12
332
118
-194
171
204
700
308
-380
-481
108
-185
-140
366
-504
197
5
20
-381
333
-333
244
-195
-145
-69
279
767
21
-372
52
-11
359
138
34
148
153
-30
14
-144
-372
56
224
-7
-307
610
216
102
-200
-86
220
-123
-174
-197
229
8
196
-189
-242
-99
60
132
403
-428
-400
225
-44
-254
14
141
88
-408
69
-567
167
121
-273
203
-40
-154
465
244
-149
-132
134
-14
-372
-22
270
163
-490
-200
-131
-83
95
69
129
9
-461
248
-186
-169
-56
-321
116
-436
-125
-131
156
-395
316
-328
317
-38
12
-201
-13
-105
-382
-118
-258
347
-157
-47
234
14
176
430
-94
95
364
282
546
9
-257
13
166
-186
187
47
180
8
143
164
117
-408
124
176
-23
189
-128
127
2
-270
-17
195
70
-188
23
1
54
-436
-286
-385
-198
290
342
-31
-248
67
433
-350
333
-71
318
315
293
-524
349
-101
169
-307
4
-299
257
261
37
139
143
-242
51
-369
-3
-106
-128
-346
-483
-263
50
-466
138
187
-193
-39
-211
-299
71
-346
103
-417
13
206
98
508
-55
-178
366
499
-150
-144
-93
-81
-125
179
553
54
-181
67
-180
-316
-161
37
-149
-290
84
100
341
-78
-300
214
-290
275
236
-72
-157
-168
139
-358
364
-224
305
-141
91
123
23
40
-129
-142
201
-59
121
-478
576
-260
-43
181
-477
13
-40
-4
54
-393
-177
-12
-201
327
-10
-101
105
-83
80
-46
340
-235
480
79
-279
-167
394
-69
-156
20
431
-46
135
-266
56
-104
-3
154
-108
-54
-311
-26
-53
156
-128
-181
231
-256
-61
67
-12
69
213
25
168
433
50
91
489
-151
423
-60
100
-236
501
145
-238
56
23
-312
233
-141
-89
-267
8
254
194
263
-67
-126
-582
486
-67
139
-237
159
-94
100
131
136
302
71
60
145
-284
61
374
-265
-22
209
121
114
-30
121
40
56
327
33
-86
-160
3
-10
104
49
-246
148
126
-79
-68
-51
-245
-29
127
117
312
274
258
-213
-39
-168
-42
130
361
121
-282
53
230
-67
-144
-417
-163
527
-109
-175
35
-4
-32
-106
64
-202
-164
-52
401
12
415
534
-51
46
295
-340
-167
-99
157
-477
231
117
230
-337
-46
94
146
-423
197
68
-468
143
-132
-51
39
-150
-410
-213
-43
111
-63
-74
191
108
-120
-23
-78
-73
81
-243
-108
-137
-348
-198
62
-12
-192
-6
537
152
-209
129
36
12
-121
543
304
-53
-311
-67
-18
-301
-301
38
-367
131
-250
-574
-429
-329
21
-30
-332
43
214
45
56
96
-18
-121
220
-210
260
80
-171
53
427
262
63
234
-236
-38
-197
-203
114
-169
248
-227
526
35
-93
-182
-122
15
23
216
52
248
-49
-393
300
320
280
157
-260
-45
454
137
487
185
390
-70
531
336
28
-119
139
-63
389
-117
22
295
-34
-399
-223
-137
584
54
216
267
-211
-159
167
-258
-360
-403
143
147
-73
-286
170
-62
260
95
-350
43
-51
177
175
-365
92
278
-91
-337
4
-130
-13
-191
196
123
-95
-31
146
14
-299
-349
-97
-135
358
-286
174
-280
-281
-59
227
-397
-171
-42
-390
31
-268
-350
515
189
-156
153
-8
-155
-448
-138
174
-246
288
87
121
160
-228
43
421
-183
-61
-611
-314
92
-392
-115
355
59
287
236
106
345
-40
12
26
261
-98
-120
116
389
152
6
-13
121
205
-146
-242
-39
-124
52
-113
-418
119
157
117
58
-278
270
448
-12
-106
160
172
14
117
-498
74
-50
-134
-83
-59
197
-177
-116
-209
-191
203
96
-52
-291
111
156
94
-343
22
-123
-81
-295
-65
-72
241
-15
-293
149
102
-349
6
-215
-143
-322
-116
296
-7
-151
-168
-47
-406
40
-133
-157
-50
-44
92
362
35
-260
-222
35
176
74
70
167
83
359
-150
-147
30
-148
76
48
235
28
280
135
401
274
-230
53
29
-89
199
-135
71
-67
204
56
302
-330
-188
-6
-358
286
151
-317
140
106
99
78
-33
-175
-89
93
184
268
-126
54
-137
-360
-29
-433
-239
106
-65
-122
420
-291
386
-125
-56
383
1
336
-440
-119
-112
322
-299
-51
198
1
216
-102
-40
-9
-452
-77
-269
-120
98
-187
-70
-51
-146
45
-687
88
-140
194
102
123
106
-209
-196
191
-224
-611
483
-376
10
138
-41
-124
109
341
-225
-121
175
-332
558
-222
-218
-73
231
295
-134
-46
-131
-114
195
-59
-13
161
-144
-18
-74
305
161
19
125
378
90
84
-403
359
138
93
139
-75
431
252
-496
-133
-82
445
273
-157
69
17
-230
176
-106
263
-185
126
64
-133
-168
240
-31
-7
112
291
-201
256
43
-169
-329
155
-341
250
-118
214
-32
101
-98
297
-153
153
-90
-282
-196
172
108
-170
51
-151
-91
238
247
347
-295
28
302
59
52
274
108
-30
-131
-288
-117
-287
247
151
-685
-48
434
-199
-84
-166
-216
-180
-118
-151
-162
-299
-8
15
182
-219
302
387
-249
-168
-143
301
5
-238
251
-544
-111
127
-161
166
21
231
62
-25
-11
182
-245
27
93
167
-118
582
219
51
541
-383
-201
-526
-94
-189
97
43
-313
347
492
100
374
-65
-326
-221
-126
118
-184
543
3
380
-120
-163
59
-550
-360
-159
338
136
147
145
52
-493
143
-293
-196
-180
130
-276
-136
235
184
122
379
10
24
-129
183
-141
217
98
323
48
60
177
86
237
104
17
-88
407
-164
109
-286
155
21
-205
50
-41
61
619
397
-52
325
130
76
-55
-71
24
233
-137
-244
323
54
9
-57
-106
-22
-430
-36
-87
-172
137
-357
181
345
540
-184
122
112
-38
-235
275
-138
-126
-102
-105
-33
-39
0
-313
206
-78
21
-40
-179
-34
-115
15
493
-19
-44
0
616
-68
-303
39
-40
-135
343
218
32
-9
11
-108
120
-97
287
-189
67
-62
-394
188
-62
-156
155
156
-376
302
-250
185
382
-431
-121
-311
90
-46
-360
145
28
-71
339
-188
-187
-281
24
-361
-231
-169
38
286
-50
210
244
-106
248
-48
-158
207
280
189
336
489
171
-23
-248
-134
-161
16
-118
95
60
-109
340
-595
-211
-427
-256
-17
24
214
415
52
-91
159
234
-30
31
33
229
177
130
98
236
284
26
-250
-53
421
-179
-274
359
-267
122
224
437
-26
-187
-225
3
155
228
-176
-106
19
66
-7
72
84
318
-160
-70
149
-40
-397
153
-197
-27
41
-207
-72
-286
-77
-186
-369
-179
69
568
-240
301
411
147
24
-292
359
-26
443
-357
-140
52
-70
68
28
308
-130
95
-314
305
213
-438
94
95
248
-32
267
235
227
284
221
120
101
266
428
101
-305
-52
-94
-422
189
-155
173
178
460
88
212
-218
-90
102
-34
-9
-211
326
-63
86
155
-347
439
121
-104
94
-12
-50
-203
128
113
57
-395
358
-21
-52
-315
82
-34
46
-448
-215
-309
51
188
-177
-87
-297
-222
230
-37
13
188
-652
98
209
452
97
-6
-69
102
-352
134
35
-90
149
238
-218
302
240
36
-58
6
124
-119
53
-18
-218
-460
159
-83
39
157
85
-176
-16
296
471
-400
110
83
141
69
-331
215
29
87
-154
280
190
-38
-102
67
-216
449
124
-41
352
-73
-35
146
-295
288
-3
-48
52
-35
-266
126
-294
-53
-191
-133
88
151
-31
163
71
3
177
61
-235
-194
-67
394
16
13
-38
345
184
-26
178
16
-330
-223
-417
61
240
215
-50
230
-196
-310
-218
-296
-435
-370
-303
85
-82
439
94
201
6
276
-77
0
-69
-315
172
-207
419
183
-11
71
589
44
-64
-140
-66
-430
508
-11
33
-98
-221
-325
38
-139
354
359
-256
53
-330
171
151
-243
46
-309
59
478
136
205
102
102
-525
381
53
194
36
166
102
37
167
719
-151
-48
-255
324
98
-275
-63
142
97
173
-371
554
451
302
556
-288
-66
-320
-221
347
-439
-235
-301
-11
96
146
-132
-363
-300
-11
404
425
18
-97
-258
-139
139
-491
250
230
-8
75
-197
-56
10
-71
45
-178
-244
2
-172
-120
-19
281
317
60
310
-206
-111
41
262
-349
-198
96
28
239
62
-23
297
-63
-36
234
163
129
-13
-405
261
-162
14
246
0
-138
113
-431
477
-55
-135
73
203
-211
-201
26
265
342
-26
329
-274
104
-48
332
-165
-47
176
-379
-175
94
-15
-66
-58
500
92
327
-311
-170
-222
-52
121
486
-161
127
-50
-56
-176
-82
-87
-70
286
-58
-198
91
16
-250
29
-101
329
-233
48
-28
145
287
321
66
414
329
-42
107
181
176
314
-29
-151
188
-171
-57
-5
-338
37
-227
214
2
111
-20
129
113
27
221
-334
-382
191
-265
-29
-62
112
-130
280
256
-4
-65
6
225
418
-94
-46
158
312
279
-123
-133
-19
79
-330
-21
-154
-2
-34
-210
31
-94
-324
-31
128
264
-193
43
-69
-187
-336
330
438
-421
-39
-560
-46
-52
25
7
-355
65
77
-61
-299
238
162
-75
92
3
-109
43
-37
420
392
-370
-174
-343
-84
-184
157
-273
171
100
-146
-65
162
-359
-55
-11
-197
54
-68
105
155
-51
-439
17
-108
-314
-239
-157
14
-41
319
229
-54
31
65
-66
-36
-326
202
-336
-411
-89
235
93
236
-149
218
85
-180
-464
-159
198
13
205
152
-21
238
-279
72
-224
43
358
-140
-48
113
-230
-345
-9
-27
-569
98
67
-30
104
143
108
-202
123
391
-101
111
252
-468
-181
56
210
-12
143
-103
187
-324
288
-196
427
49
-307
183
270
-240
71
6
-351
48
-24
207
-101
327
151
-201
-203
434
-366
-533
-113
217
127
252
-96
396
70
-186
228
-243
67
-277
337
-256
-288
-91
87
48
-7
444
-248
-145
-576
-24
-113
-290
-6
181
39
-286
-256
439
-140
-377
-92
454
303
446
-27
377
-114
410
-186
30
75
-368
-499
472
118
358
-5
-430
147
-100
156
-201
-406
-283
-290
155
-55
193
-56
146
-116
-129
-287
-411
-273
194
332
28
134
346
-300
-165
240
175
-22
65
-359
215
-290
101
311
-242
-46
127
-265
8
-132
-152
-396
-84
119
-236
-95
365
237
-347
-85
-71
-184
-261
66
-347
337
63
113
-254
17
17
243
-225
68
228
-232
-75
7
0
403
-414
-191
-97
-283
-70
113
282
85
-65
-8
-18
-53
161
-68
2
85
97
-254
-253
-193
207
209
393
-121
55
107
-157
33
-289
-215
153
-41
-155
-137
464
40
-28
58
-86
-213
-273
99
-133
-142
93
-180
96
401
34
-281
-49
-81
132
360
269
-172
247
-84
-21
333
285
-213
-22
113
-328
-538
255
54
-106
17
202
93
68
-212
-346
-36
-161
12
303
212
-122
73
207
-172
105
-135
-370
298
221
-274
17
-123
78
58
-45
-29
14
21
-280
-47
-204
-31
-95
43
-341
-498
-290
496
134
-221
90
274
341
-189
243
80
32
320
12
472
175
-231
231
-313
-44
-16
43
482
87
-123
47
-6
241
-91
97
246
-178
-49
-38
152
-123
361
-151
-269
-127
504
-46
-6
-315
-301
114
113
-53
29
136
-95
538
172
-308
116
139
50
82
-107
-49
288
-338
22
-61
-108
470
-33
160
-2
-11
88
36
-11
-80
174
75
-37
44
118
101
367
-14
-172
338
-19
-322
-286
-836
-466
-262
-432
652
195
-98
481
-235
221
353
-139
230
-41
-202
-168
-78
325
-368
-322
-251
65
-108
-242
-43
66
-322
-422
362
353
-26
49
258
216
341
-4
373
-76
-37
13
-274
-187
-37
20
-12
-43
113
-94
-274
-149
28
112
-252
-58
-404
-330
52
390
1
165
239
-154
29
-43
-103
58
54
259
-286
3
-150
544
-395
-86
-186
-284
-9
56
257
-232
-229
-363
-85
-85
-241
-203
-136
-1
-391
-326
-56
73
315
324
-125
-50
135
-161
-76
179
-375
-11
-154
295
167
73
309
-197
88
-109
-81
-180
187
-149
279
325
128
251
134
-158
-480
-451
182
-124
8
203
-207
-223
-259
446
68
-138
231
11
92
-11
257
19
75
-282
323
-40
365
83
148
177
-69
430
-365
82
-37
-114
431
-112
-193
-396
8
18
202
-292
317
275
265
280
-50
-327
79
-219
71
-168
-96
29
78
72
-341
268
474
356
159
311
-141
19
-224
313
-149
-101
-524
46
-111
221
223
-204
412
191
-211
38
45
15
-33
-371
87
-106
-160
-168
-113
34
-77
200
247
-112
-144
-392
-4
244
-83
-419
-36
-40
388
-330
0
496
223
-187
-38
-54
-166
-55
-49
391
356
-43
-205
-353
-435
-96
-175
83
-420
-158
340
-108
-388
-188
-18
352
30
7
-559
-59
-302
283
83
-195
247
73
-58
174
-80
-230
181
106
-181
387
271
-179
76
-347
393
3
456
-509
48
36
315
135
42
224
215
-375
18
472
222
342
-337
390
-91
231
281
-109
-198
226
117
56
-128
32
-342
379
32
-79
-52
-208
358
-205
241
-325
31
-529
38
126
447
207
-166
265
523
-225
-16
252
-82
-180
-85
231
25
-352
-272
201
-52
-204
84
-143
-167
-240
-51
215
-152
230
-370
-43
-142
135
-401
-198
538
-50
-232
135
49
196
-42
-37
-57
-68
81
-10
-277
113
30
80
216
72
-65
-321
407
349
186
-46
-136
351
376
90
460
83
190
139
102
-456
282
-298
-126
208
258
109
28
419
-209
55
-552
326
-465
-190
-239
1
-460
-245
160
255
-83
42
370
34
-189
96
-282
-97
-81
-146
0
-66
-151
-238
-496
570
242
22
-110
43
8
20
-116
-198
170
-487
467
160
54
233
271
330
309
-253
-72
-209
-91
-408
-280
-45
280
-515
-208
116
-24
71
438
98
-348
-238
313
-263
-376
385
139
-72
-166
217
-53
248
-8
-248
-213
-181
97
-99
-170
-139
-267
321
110
394
-499
-34
-33
534
-10
19
99
-138
111
320
-17
368
-366
-209
180
-123
317
334
-308
-148
123
-20
294
-173
-178
-140
-51
15
93
-74
-81
89
181
-77
25
-186
-60
89
2
86
211
-142
-112
310
-228
-97
-505
-243
445
-92
-27
371
-226
286
56
-276
93
-208
316
-188
0
209
214
-331
-48
-15
-112
-231
213
-292
26
-171
274
142
105
478
112
-254
480
96
22
379
-215
69
29
268
93
-202
-44
223
-94
-123
-6
-5
53
-91
288
-180
-264
-305
182
164
-316
-625
155
-459
-454
104
96
-498
432
75
20
118
-426
547
-135
-84
58
381
93
181
205
47
231
-78
344
107
-258
64
278
-89
-206
-446
59
0
152
352
346
-197
-72
-493
133
-734
-253
-74
-267
-235
-70
81
-30
-110
381
-14
8
-210
-211
52
-312
-349
444
-302
-180
418
286
-67
98
-29
163
269
-311
-170
-151
26
13
-72
-144
-387
281
-69
209
-201
19
-282
437
-94
293
-142
109
-126
286
293
-129
570
201
-327
-327
521
84
-72
-35
-119
-277
-190
-186
229
-242
483
262
-255
20
447
65
-428
62
145
17
-84
324
-32
13
336
-107
-472
-180
-82
-76
-43
-63
133
-68
220
9
241
131
-37
177
-247
20
319
310
-185
-43
349
-253
-89
235
-280
102
-43
-362
-22
101
386
-458
386
-489
190
-434
-357
366
-74
-173
218
212
-119
228
-251
49
103
-102
-304
-120
-12
530
-337
220
-146
165
88
-126
-256
98
461
77
121
-23
-592
38
68
-20
176
278
-10
34
260
-5
228
-378
-275
228
142
-93
224
308
348
-91
-70
-143
252
195
110
-12
-221
303
101
-21
-407
-33
-241
11
345
-120
314
-92
141
369
203
52
331
145
198
-213
-159
-97
42
-266
-186
-296
-139
-2
-332
135
399
373
303
455
-498
292
256
-252
-330
-264
-59
-207
358
429
472
296
299
100
212
16
44
-7
-378
354
-168
472
-125
28
-254
1
122
-70
-377
24
-193
248
58
-31
-186
-332
-191
-582
163
144
-180
181
272
97
268
167
-213
-180
-84
-204
-90
-2
-46
52
187
169
234
-58
-161
-317
-742
397
148
77
227
225
-370
12
-62
225
-226
-88
-97
113
96
182
470
415
-109
-145
217
-28
-223
-416
-66
-175
68
-37
308
202
363
-173
108
35
159
155
161
-234
38
-151
-177
-18
199
-424
40
342
51
126
14
196
123
168
616
-208
-153
-365
-154
374
74
421
448
-204
319
-54
743
-80
-111
-34
82
-276
191
-96
-57
-304
-7
27
294
349
110
-12
-371
-109
63
188
-192
133
27
-27
121
109
234
83
279
94
-204
2
116
-355
-378
50
264
-528
1022
156
361
-346
641
148
146
-42
-122
181
256
150
228
200
68
-422
-182
16
-166
12
186
-480
-69
52
-86
246
-17
-37
281
369
405
-158
-49
-63
-37
390
-91
168
-119
193
-100
-190
-97
940
-73
141
161
-92
149
-117
265
179
177
-181
314
-153
270
58
-534
170
-197
45
36
-86
-175
-238
99
-284
44
-149
-171
138
36
-9
-139
-86
240
-256
342
363
-390
-101
-89
-272
292
265
113
118
644
-15
-173
176
-359
-378
-168
-61
-54
-111
-40
-102
-498
-76
-392
-436
143
195
-133
63
-174
-404
223
167
-365
82
-231
-192
336
-351
44
-300
-62
-80
117
114
-213
79
-349
344
-439
7
-149
-43
116
214
-56
354
-140
337
-235
162
-20
-38
122
181
-9
250
-418
-285
9
-445
127
32
-126
-129
39
28
67
106
-75
216
-127
-63
49
647
-277
206
458
513
-126
36
-142
-39
-78
-250
-49
-20
-100
-4
-67
309
-331
163
-164
253
-11
-135
170
149
-96
23
-149
334
-75
218
188
-91
245
193
263
178
-146
176
-429
571
51
-158
-144
401
254
-184
175
-226
-110
115
24
-346
-162
316
-222
-187
37
-350
326
257
-656
-66
39
285
92
187
245
458
-224
362
310
-43
-89
459
-34
640
49
6
-152
503
-46
-173
179
-74
-85
249
-216
21
546
-47
-289
76
94
-276
157
-148
41
-237
144
269
47
269
256
189
306
296
-226
-26
612
-30
-262
-304
-176
673
15
99
-398
11
-192
-158
137
-73
3
150
50
-61
-215
18
99
-62
25
-87
-108
-196
188
223
-258
-75
26
246
209
37
-190
360
475
-426
-358
-75
284
158
-509
-38
133
418
244
245
-56
-72
-106
262
-95
-17
138
-150
88
391
346
17
162
384
144
-159
-140
131
-61
142
-129
216
-350
223
90
-213
136
317
138
-115
-47
23
-72
404
-483
-96
-329
127
54
-244
144
-206
-32
-105
-96
-84
83
-144
84
315
-280
175
369
331
127
64
133
-91
29
151
50
61
-136
10
-202
-242
-285
-233
-416
440
47
-8
384
469
15
356
-369
-81
-100
-183
104
-154
-26
-238
419
-530
57
-56
229
-195
-37
24
268
-164
1015
-304
-87
-27
-258
32
-292
-155
-86
215
-299
-208
528
286
-227
408
-49
-380
16
-82
238
-191
83
343
-288
273
-171
319
-314
-86
-56
35
360
-54
-240
-195
240
113
-311
328
244
-69
193
-62
299
167
4
206
-213
-15
343
61
104
593
267
100
0
-56
-172
-92
673
136
-118
95
200
261
65
-315
-63
515
-77
-13
-314
263
381
-54
-263
-493
6
-131
367
-289
-126
129
-274
198
155
210
481
-87
258
187
-347
-47
-217
-99
97
-685
434
115
-299
-288
615
-28
29
-221
-341
-307
-56
303
10
324
-89
437
-257
62
279
-252
-107
-99
339
-376
-16
-114
-163
113
242
322
119
-54
-226
-108
-81
-206
-211
-198
-73
308
182
218
25
508
163
291
340
-269
42
-192
282
176
-192
315
160
-145
-230
129
-47
251
-183
-233
87
320
177
-344
64
-221
-19
-187
-163
-383
-50
-54
-344
-203
220
-457
-213
148
-108
481
-139
-430
155
-503
245
72
289
309
-754
118
-255
51
-175
197
-1
57
-77
72
-82
-444
-475
-200
443
-6
-76
151
-246
-535
90
181
-64
266
-124
-14
582
-364
-100
-327
-367
-233
207
-336
44
331
61
177
139
355
20
-576
308
300
-340
253
-243
-232
-182
128
79
154
114
245
-16
200
-255
-469
25
-169
-20
-596
-93
351
-223
20
-225
11
-241
-203
407
-50
58
150
321
498
239
-114
-402
267
-59
247
187
-228
-467
-155
226
229
181
224
-92
218
106
-25
107
-223
141
-182
-171
-277
-91
-12
-33
119
341
-55
268
-163
236
55
-483
-241
-96
240
-269
336
-215
65
21
55
-96
-393
-28
73
167
-641
190
138
104
-111
293
-359
305
446
590
71
-151
303
318
160
14
268
30
-130
704
121
-142
295
45
245
99
-90
-132
79
-131
-198
-372
252
36
-67
57
-116
174
432
-115
73
2
-167
350
166
219
366
-443
201
-196
468
-482
141
103
76
284
-406
374
-62
7
63
360
27
188
13
-51
-67
160
-360
282
-136
-159
-193
-309
-448
-11
107
50
24
13
-108
194
-782
149
-158
-307
119
-44
343
-75
-78
-161
-10
348
-202
385
-165
-144
-73
30
82
316
-94
-202
186
263
56
-73
317
93
58
-94
34
317
658
-214
452
177
391
672
-64
65
-407
143
-274
-14
312
134
264
-194
-75
89
-239
-41
-48
-166
-100
195
658
209
124
137
-360
-112
-41
362
-32
45
174
-208
-104
-95
418
-119
11
-20
-146
-315
276
-256
269
161
-320
116
175
9
-4
195
-402
82
-82
-50
-166
-148
386
-253
266
641
279
-402
453
-125
274
-179
-331
459
-426
-302
182
-6
131
-217
-172
388
29
410
-296
-374
-190
107
-140
212
-155
228
307
-289
228
-333
25
-198
-378
406
189
-53
682
283
-164
267
15
188
-70
235
-50
210
-69
140
294
612
-215
170
38
-280
-111
-22
-158
-170
-229
-310
-98
-129
-187
424
-344
531
48
-302
52
243
147
75
207
-69
147
343
207
376
-342
-156
-168
147
801
28
-388
-395
230
61
185
165
234
318
265
-368
140
251
-98
6
-513
-89
248
-169
-22
251
-100
-53
401
-88
-198
61
-216
-249
242
-67
-130
-52
-91
-275
-295
229
277
296
-295
-76
297
-106
-73
-237
-289
218
-49
-10
-320
171
152
-90
246
-157
-198
165
-202
-68
322
168
318
-522
-83
-11
343
251
355
-157
-241
-272
245
278
138
-139
202
10
-95
470
72
-186
152
160
-530
-298
-159
-37
-80
-3
-180
208
-96
-4
119
-312
-100
-9
-82
-68
-223
-157
-166
-55
241
-5
24
-180
-35
-174
-363
330
-245
-155
-85
368
-32
-192
140
141
275
-131
-134
-480
462
-125
-255
-139
-180
-47
-423
-271
216
-210
-42
214
362
-220
-570
145
-26
43
195
-273
511
-46
-108
-219
19
-246
186
-284
-164
-192
-53
-164
28
265
192
-186
-151
259
171
-113
76
60
274
36
163
209
-24
-206
-47
84
-204
-208
-163
5
140
672
-27
-59
95
-281
-340
-138
-267
133
-161
242
328
-541
98
-57
478
-108
133
-60
10
-426
349
-186
236
-209
208
172
-238
-112
183
322
14
34
231
346
219
98
168
376
-162
19
-212
61
-206
-180
164
220
-85
351
-48
5
-276
561
326
25
89
128
-343
-8
-422
-139
40
79
204
229
60
133
-15
-94
-338
396
226
427
29
-25
-80
280
-160
250
-2
-195
-513
-335
289
32
247
248
72
83
45
140
-182
324
-411
-486
139
101
-137
-272
-158
-245
-215
-242
-296
-55
-184
-156
240
-258
43
71
-96
341
-106
662
196
-72
-72
-31
35
-322
-199
-250
-250
142
12
-226
-295
95
-527
-121
-203
-69
-67
62
617
-160
130
149
211
-469
88
39
-13
45
473
-50
-213
40
16
248
245
303
236
227
-343
-56
122
-52
-174
36
-127
-292
546
-125
71
-59
107
249
-63
-240
81
-66
-34
89
-417
46
96
-17
85
93
109
311
48
-54
-282
-222
-77
384
-191
-44
306
-6
-271
-208
303
730
-34
60
120
37
-215
-91
204
69
317
-139
98
441
282
-49
135
-137
-648
-69
-381
-157
-75
71
207
257
-82
-104
-61
144
-130
391
301
-151
-86
74
26
155
-18
-618
-244
-29
313
-193
168
-268
164
-130
-282
241
-10
-112
-181
18
139
218
-400
258
-80
225
276
-214
144
-116
93
-309
133
-42
-154
-70
-156
-69
-330
264
308
-191
59
-61
313
-63
62
243
410
-49
-153
252
-240
136
102
585
159
-209
457
92
20
18
566
94
-697
-147
423
-10
330
96
-423
-359
135
-138
7
-111
-275
175
-32
-377
366
-509
-586
126
-430
-193
282
-95
-69
214
-187
393
-33
163
405
111
279
192
151
-84
-98
-417
592
59
-27
-65
-118
-155
-16
-162
270
232
208
357
-204
-201
-72
177
-36
104
263
92
50
-128
-255
-405
98
-146
245
-42
81
-6
-103
-369
14
102
-289
0
152
-41
-678
652
-33
256
-188
-206
-71
-215
134
-304
-144
270
490
-87
-149
-373
221
-54
-211
525
30
171
111
248
9
333
389
-81
54
-65
-78
415
-301
137
-107
13
47
119
265
-252
221
-9
-297
136
334
-44
373
12
70
55
-732
60
-59
457
-265
119
-155
-230
24
47
-532
0
-265
-26
-37
-245
-85
205
368
-40
-492
-313
188
-501
-56
-46
211
82
-440
469
540
252
281
-216
26
-138
-342
61
459
144
327
-643
-196
-39
-34
104
168
105
293
266
-356
-231
-203
545
-150
-369
4
-432
567
-188
-84
-89
-7
-618
201
-173
-58
-23
47
-562
-309
-349
163
-228
42
21
438
-274
278
-157
323
33
134
-60
341
423
174
-352
409
-250
76
-132
62
347
-151
-136
217
-441
322
46
-207
77
-213
-503
219
51
192
-19
-165
-232
241
-56
-73
-370
-74
-262
-42
468
-195
230
200
-115
567
177
-4
-208
189
-24
455
-215
522
276
-437
-184
122
-241
98
-204
411
330
275
-490
326
116
-82
536
157
-27
175
8
138
40
-424
-295
134
314
225
-92
327
-5
11
319
-33
-78
366
539
-40
148
53
92
123
64
-521
267
-121
-276
-182
-71
-105
-30
218
140
357
-321
-194
-202
112
-173
496
-42
-76
80
132
-320
292
-90
-802
-73
-8
39
255
-378
-174
186
-42
302
176
-307
-112
56
-522
-60
-240
-163
75
-460
534
-199
-98
257
-275
-135
-363
69
-307
79
-3
16
157
-264
-360
-88
-211
-189
-310
-321
75
-31
60
119
-159
-134
21
-133
170
65
368
334
-353
-21
-475
-303
-155
-109
-302
144
336
-398
7
-468
-120
-213
-425
-227
101
-150
82
-98
48
-21
-488
-215
169
110
219
301
547
179
20
-533
75
411
-208
-147
-315
70
34
392
101
-65
184
198
142
-30
80
-226
-220
457
-51
-147
205
-179
-228
-37
0
-313
-328
-18
-60
48
148
433
351
66
-7
147
-460
462
-277
107
107
86
374
268
213
284
-28
-270
-633
-69
278
149
434
336
425
-495
-503
-6
-349
-149
245
-138
382
227
95
61
109
-164
96
-268
-313
54
126
-263
103
423
117
-99
-72
-52
93
657
-315
212
-259
150
160
-399
313
210
590
-149
-326
-30
-66
-101
-407
289
474
-151
593
223
-283
19
65
-184
-392
133
-9
-50
-90
-463
-102
-345
-88
66
425
463
-153
317
-105
37
190
-192
-246
185
-678
288
272
-72
4
-80
-35
-87
19
-122
-371
-218
117
-508
-108
-33
256
-344
-46
726
7
-19
23
259
28
-78
-33
83
369
8
-50
76
89
196
120
-107
-122
-175
20
121
-31
-548
290
85
70
