1089
1918
1324
793
650
1006
610
859
2512
1164
856
732
987
928
1323
895
1132
1085
1115
1494
1041
838
1942
723
659
1257
822
1235
1699
649
790
965
762
1109
945
1168
938
1139
1367
861
1199
1244
580
787
753
629
562
1091
1036
842
755
812
941
2008
704
1493
836
1035
481
524
2101
1069
653
1804
808
1039
1224
1319
1503
608
2267
730
970
1245
716
1176
828
1354
962
1471
727
757
1019
818
964
1432
665
750
846
1648
699
724
930
1040
1325
1551
653
508
1096
1062
879
1123
1057
699
699
808
623
667
2750
1612
896
981
2377
908
941
1424
2278
902
904
993
922
876
910
910
570
858
1516
695
806
845
780
881
614
753
1062
893
1012
739
1392
869
738
984
852
965
968
624
532
877
1106
888
1107
1025
952
753
1675
1189
624
1044
591
638
2897
1099
951
582
1653
1063
1719
778
830
1060
804
675
1104
663
1116
2062
691
815
775
1136
1623
1264
591
899
744
1562
1457
807
843
1913
604
960
744
1226
802
1503
591
1210
895
979
829
574
1164
722
581
1271
1417
816
1696
929
846
613
718
730
683
615
1537
1756
1212
789
1513
607
830
965
1508
1396
971
861
1601
1372
802
717
1300
592
528
1202
1085
581
1053
1152
730
741
545
1007
774
815
1208
1360
1373
552
687
886
881
1216
759
859
1872
771
961
649
831
1057
1182
858
1675
1359
1225
1101
802
1003
1602
763
1323
818
1208
866
746
996
635
659
831
1341
1340
994
1378
1490
2297
1711
1384
929
738
958
1119
910
973
1266
1114
716
1233
923
1076
2466
778
1280
842
1276
980
1610
587
1125
1176
1250
892
763
1922
1697
1133
825
856
699
725
1118
931
1176
957
1484
640
1501
1154
871
1228
812
937
982
1330
808
609
858
669
2142
1279
558
1869
961
447
657
1577
1428
2766
721
797
1312
770
614
538
1745
748
759
671
746
665
1037
745
813
1403
976
680
732
1127
648
1493
1090
1938
981
892
1003
775
1878
971
1401
976
1198
748
942
822
913
1861
881
1288
1433
766
990
746
728
1560
509
1377
1031
1193
693
530
851
1125
755
1375
2199
2241
691
1100
984
1496
2248
717
701
1140
986
587
843
1131
1007
1169
2171
1073
646
886
542
957
1263
1036
1145
956
774
1270
1043
722
1594
1343
817
901
1210
973
839
1803
766
1807
894
2152
622
764
985
883
1581
993
510
1654
1579
639
1011
848
991
1245
1328
766
896
942
1044
1043
919
697
751
856
853
994
1176
882
1133
736
1159
875
1891
757
793
639
1557
726
1149
804
1470
1140
954
2071
964
1248
647
1349
796
866
885
738
1404
1197
1789
585
1187
491
1863
964
1204
723
1505
668
525
36
-21
-49
-42
26
11
12
25
-28
31
-21
-33
-52
-43
41
58
66
49
73
-51
83
19
-38
48
-3
60
50
42
24
-18
16
58
-14
28
-7
-41
6
64
25
-6
-28
20
26
-30
-29
-19
-11
32
-29
-38
-27
20
33
74
37
-21
56
-33
-3
-14
43
-14
21
48
36
-21
-41
-55
93
-23
-11
-7
56
12
46
-4
28
21
-2
-41
-42
-18
-9
-6
-5
0
15
-4
-5
-11
59
36
-48
15
-69
-38
-26
-17
-22
-33
72
-22
10
16
-45
-8
13
5
86
22
10
71
77
-19
44
26
34
14
-21
-36
56
3
-61
-18
-12
41
2
-29
-16
-31
-10
-7
-69
-5
-29
-45
-5
-23
32
60
-11
25
14
-10
-54
32
4
68
18
25
7
21
9
9
72
36
59
-52
-11
29
68
-46
16
-5
-2
26
56
-71
-52
-49
-1
16
13
-44
20
70
15
-13
7
29
17
61
38
21
-19
9
-27
69
-24
65
0
-33
-13
-39
-1
13
6
-12
81
52
19
-17
-71
-44
4
1
32
56
-23
-16
-31
-11
16
28
32
-20
91
81
20
50
7
2
-1
20
-85
14
-82
-4
4
-25
-1
-44
34
5
8
-8
-27
30
-74
-31
53
72
-6
83
-74
-36
-10
-82
60
10
38
26
-4
-43
4
40
14
2
15
22
40
1
-3
-68
-17
22
7
28
28
35
45
-70
-8
-16
8
-86
44
-39
-45
32
-3
38
69
-63
6
35
-53
-35
90
7
-71
-55
0
-19
32
-36
9
-1
34
-58
-38
-10
73
-9
0
11
60
46
15
-23
-78
7
-77
-44
60
23
-25
40
47
-13
-8
-50
-52
16
-3
-28
11
22
-3
19
14
24
55
43
52
4
-1
20
-42
35
-34
-1
70
-28
-13
-16
5
21
137
-15
25
33
-52
18
-44
38
5
46
-70
-49
15
-50
10
-84
25
70
-17
42
90
-15
60
-12
-71
-59
15
8
59
43
41
64
35
60
-57
-57
-81
48
-37
-67
-51
2
21
36
-70
-59
-8
18
-34
66
27
49
-12
4
-17
13
1
22
32
-2
-14
-12
16
14
9
0
35
75
11
-48
-54
-40
74
-48
34
16
20
24
36
60
14
-12
46
30
36
-19
-31
-1
-50
14
-67
-7
18
-40
-22
-6
27
30
56
19
22
-6
-41
14
-64
6
-8
-18
17
58
-23
-30
-41
38
58
10
-64
31
24
8
-5
35
-13
-5
24
-36
-70
30
-13
-19
23
-9
71
35
-14
13
46
-45
-41
-6
1
-49
33
-23
-52
25
-55
-31
50
39
45
-80
-52
-1
-5
53
5
2
86
-31
-25
-63
13
-29
985
658
554
581
1454
887
1102
723
930
1352
1358
1843
1353
522
1651
798
1534
1133
702
770
1348
634
996
1685
573
1871
861
465
1497
981
1415
1306
1648
1074
1204
2753
1080
1026
689
888
897
571
597
1886
800
1318
654
1700
1176
756
1300
1240
770
1084
1007
911
1920
2090
929
769
1071
763
512
960
1554
648
1416
803
909
844
1008
525
617
765
707
1148
1077
761
1177
718
928
1081
1386
1060
718
1553
837
1151
751
812
773
1135
941
980
1540
1337
457
917
899
1148
1634
791
1143
617
594
1053
1348
754
2123
885
1713
1200
708
762
728
517
1771
960
826
692
723
796
1405
575
854
571
649
1183
2077
1229
1127
1045
1436
1521
761
765
1681
734
628
704
1088
861
818
1131
1421
1263
668
989
925
925
1122
908
710
805
1156
901
809
1043
1368
803
999
1350
2584
760
1188
641
879
1646
1129
764
845
890
764
1216
1036
851
1077
923
592
1750
1216
1288
802
645
857
1236
861
914
743
2427
922
992
1181
775
1288
2388
727
806
762
1000
949
1540
892
722
1769
600
1754
924
1412
1871
1213
999
635
1354
1174
1003
1243
1072
1303
1761
562
665
1313
762
1150
768
941
807
1655
662
559
581
1123
832
1329
1350
1096
1157
1026
797
1435
1026
908
3609
569
1006
532
767
699
974
795
734
1898
965
1303
917
1115
1109
1312
908
1998
837
1561
945
1088
1446
750
952
1201
1132
974
2798
1248
720
1177
1723
982
829
1555
745
765
656
971
1000
1197
827
840
1457
1769
987
1138
947
875
905
560
1000
1015
1049
1263
1012
1360
1902
515
450
833
1486
1240
982
1071
1503
1020
1082
1439
721
771
1238
1316
853
1117
1119
914
1032
1075
521
746
693
784
912
963
2159
1308
1044
934
1568
1966
576
1225
1910
938
1202
837
760
968
841
769
1076
1319
1373
1058
1082
806
967
753
1057
1069
1735
527
2247
1466
901
816
1109
1126
1284
1034
1328
788
512
747
521
956
1109
1049
833
847
743
1143
816
1211
898
1768
872
1491
836
1046
1141
479
947
998
1030
909
1005
1019
1220
881
1369
532
870
802
1007
1955
964
866
1071
1297
949
897
630
835
716
1011
1094
748
1132
613
1504
953
814
1714
784
2192
856
593
1987
1364
1750
1147
727
493
1421
894
536
1078
1721
1961
816
640
702
749
878
1582
881
708
1409
1151
1285
480
856
716
508
745
1993
957
962
1424
760
1659
987
832
617
1561
1252
1681
563
1386
726
1068
1034
992
549
1037
1226
1492
1183
865
696
1627
481
2262
676
542
1000
865
892
1018
865
1433
581
735
1249
668
722
954
1134
949
695
836
1790
910
1038
1729
1517
1609
756
612
926
738
970
1297
851
1173
523
-34
-1
7
-4
19
22
-48
-3
5
34
53
34
31
-2
-28
-5
31
10
28
-5
11
48
-43
-92
9
17
38
12
-49
-39
45
-40
81
-43
-37
42
-23
-10
-7
24
-38
23
-5
51
38
-58
16
38
-23
27
-29
48
42
-53
31
-38
-11
42
-65
-35
26
-31
8
83
1
-9
-50
-13
30
-34
-27
21
-4
23
36
-36
-36
-30
-38
5
47
24
-36
63
15
-43
50
-11
18
21
-26
36
49
3
-54
38
9
-37
-38
42
9
48
50
6
6
70
-16
-6
-73
-27
-4
-5
26
62
-71
-10
71
25
68
-23
10
-12
66
11
-24
5
-59
-21
-37
30
8
7
53
-41
-6
28
-27
-58
30
-21
-68
49
35
-31
53
-53
-18
28
-75
-49
32
27
-19
26
100
51
-16
-29
51
56
-10
12
-57
-44
-12
33
60
59
76
3
66
31
74
-23
-20
-16
-51
-16
-3
41
40
4
37
18
-53
4
32
-87
-35
52
53
-7
-5
92
-30
-40
53
-8
-50
-34
-13
-11
52
-12
-52
8
2
7
-31
-81
-52
44
-4
-31
41
48
72
52
0
-48
-19
-55
40
9
-71
-1
-47
0
-14
45
12
-6
50
12
33
21
-8
82
-1
39
15
45
-28
-3
5
-73
-8
12
51
-48
-56
-57
42
-82
-18
84
36
45
-27
45
-49
52
-96
-30
11
72
1
19
63
-38
-49
17
74
2
-42
77
-24
-56
-7
-20
-8
-21
7
-26
-65
-57
-18
-65
-44
-38
-1
79
-29
46
-10
-32
71
-52
-35
63
28
28
-4
20
81
-11
13
25
27
-40
-32
23
-63
-55
-31
-78
19
-16
103
55
22
-64
79
9
0
-25
63
-17
48
53
-61
34
-66
51
-63
32
-59
-25
-39
17
-19
7
-3
28
9
-18
32
46
3
51
17
7
19
45
-14
23
1
-16
-57
-14
57
82
31
-84
58
-18
21
-13
-40
-17
51
21
76
-12
-46
28
58
-38
71
66
-95
-1
-64
52
-2
12
-1
9
8
16
-20
79
-65
36
-8
-56
-3
53
-9
-49
66
56
3
-18
-43
-44
-43
3
30
19
61
5
-13
47
-33
5
58
53
-25
22
-33
-41
28
24
24
-36
-4
3
-26
-2
36
-31
69
-73
-38
20
-36
10
-3
18
95
23
-65
10
-7
-68
10
41
-18
7
5
-35
14
40
-43
29
2
-3
10
10
-13
-17
-91
6
36
-47
-4
-78
52
26
41
-12
69
-29
36
31
4
-3
-26
-47
50
14
-25
70
71
52
61
16
-9
-70
-19
-70
-56
20
-32
36
53
-64
-2
-36
-22
1
19
31
77
-58
18
80
62
15
19
13