2814
2693
2484
2413
2720
2789
2544
2787
2586
2426
2555
2522
1863
1585
3179
2091
2358
2261
2059
2170
3323
2526
2660
2755
2278
1100
2080
1730
3088
2684
3093
4197
1823
2181
1488
2601
2594
1739
1377
2569
2276
2021
2730
1899
2264
1731
3024
2767
1576
1688
3543
2689
2378
2579
2553
2546
1667
1905
2080
2315
2380
1207
2530
2082
1734
1757
2104
2704
2007
2200
2253
2703
3070
2478
1820
3368
1943
3179
2715
3042
2286
2056
1397
1761
2149
813
2070
2872
2065
3217
1959
1850
2148
2316
2776
2246
2037
2193
1747
2584
1930
2691
1948
2183
2842
2754
3274
3607
2420
2732
1662
2617
1941
2424
2460
3331
3418
2016
2346
3298
2119
1788
1485
1875
2070
1479
1893
2782
1446
3004
2530
2919
3050
1316
2590
2381
3716
1950
2021
2553
3660
2552
1653
1808
2818
2474
1904
2051
2968
4443
3251
1486
2650
1896
1807
2319
2494
1383
1864
2192
1883
1978
2063
2332
1733
2677
2999
2938
2328
2310
1737
2877
2431
2001
2180
2208
2054
2685
2793
1975
2354
2967
1915
1942
2314
2036
1257
1870
2834
3106
2758
2066
1950
2058
2455
1591
3657
2425
2303
1975
2670
2366
2028
3229
3236
1928
2875
1945
2368
2270
2468
2517
2190
2683
3040
2030
2672
2305
2202
2024
2206
2246
1980
2592
2214
2826
1614
1955
2545
2963
3067
2484
2027
1938
1996
2539
3019
3464
2704
1278
2637
2160
1591
2348
2468
3134
2007
1686
1943
3918
2123
3645
1799
4317
1710
2033
1983
2697
2469
2362
2008
2223
2149
1963
1334
1725
3273
2266
1981
2613
2950
1500
2955
2188
2405
2366
2570
3340
2005
2363
1553
3554
1823
2731
1808
3376
2300
2519
2154
2066
2119
2773
1167
1545
2333
1785
1275
1670
1577
2019
2510
2457
1661
1932
2237
1640
2728
3936
2497
1703
2423
3004
2167
2627
1853
2258
2574
3080
2697
2444
2190
2469
1840
1866
2457
1675
2813
2987
2820
2451
2242
2937
3574
2035
1285
2307
2542
2579
2201
2543
2788
2411
2542
2179
2375
1826
1650
2027
1756
2259
2301
1666
3076
1826
1796
2971
2053
3586
2190
2154
3002
2296
1815
2440
3494
1789
2011
2117
2254
2656
2060
2134
2252
1872
2477
3071
1769
1636
2345
2102
2870
1874
2271
3530
2728
2712
1906
1940
1565
1995
2467
1534
1814
3095
1831
2566
1877
1851
2281
2023
2059
2837
2032
2202
2732
2671
2441
2771
2334
2358
2585
1913
2698
1778
3023
3385
2579
3210
1479
1865
2527
2302
2118
2382
2328
2852
2497
2157
1999
2095
2009
2113
3059
2053
1970
2108
2597
3008
2944
1854
2252
2219
2226
3595
2250
1376
1709
2987
2499
2324
2655
2368
2613
1479
2119
1637
3105
2350
2470
2797
2727
2112
1967
1387
2114
1976
2219
1741
3399
1720
1645
2450
1445
4036
2863
3937
2796
1570
1979
1835
1863
1643
2056
1972
2545
1880
1861
2149
2839
2640
2656
2548
2662
2432
1953
2507
1854
3634
3783
2970
2411
2661
2142
2461
1530
2170
2209
2041
2113
2207
2851
2791
