748
1077
770
2784
743
3902
873
677
1010
1176
1002
2321
1374
722
2151
1318
825
1241
1249
1524
1787
4141
1696
885
1288
969
1334
982
1168
1139
1556
5986
836
1147
877
1245
1852
11471
1582
1272
851
1409
848
2529
759
8029
854
746
752
1388
937
794
877
930
1342
1809
963
1186
1177
1578
1288
965
1941
905
843
873
924
853
832
875
701
678
968
830
1876
2087
906
3659
1444
962
830
627
986
2138
865
2730
1122
765
989
1270
3517
1116
1495
1611
1596
753
1545
940
777
963
5072
730
908
819
1297
1053
2802
1641
737
2459
1596
857
834
634
961
800
983
813
1783
1485
727
821
809
768
828
841
1055
3056
1004
899
873
1159
824
1141
1217
988
1012
1428
682
1093
882
959
1284
895
2597
1683
904
712
706
1295
839
971
2182
1358
1257
936
629
970
857
799
3152
1407
1038
636
753
1637
911
818
1771
956
1027
1868
1405
1279
1111
1435
785
832
1858
2160
1003
1175
1495
2310
1603
883
847
860
877
1149
1251
1273
1983
9175
870
6924
1029
1148
819
1104
936
981
686
722
852
1565
1488
1602
1290
1707
1143
865
758
945
1429
2806
991
963
993
880
919
1126
1748
979
901
838
1760
1540
1410
819
1078
960
826
1284
1193
848
794
918
1136
1622
770
1549
2571
1034
754
2584
1558
883
1640
1184
1292
1656
2148
1425
778
2078
1920
903
1521
651
741
2087
847
737
2689
1409
954
1441
1105
1301
935
907
1071
1238
789
1013
899
846
1713
883
1061
1645
1002
3954
763
1123
892
965
1539
828
2446
691
841
878
1510
624
817
638
2221
2109
944
2023
757
751
706
839
1723
732
2018
707
1568
1077
1986
2438
1355
3946
899
938
1139
790
1647
1250
759
1718
932
819
915
1381
875
1348
730
838
1448
1075
698
1913
1541
1190
797
793
1070
2914
1183
962
815
1048
1332
1316
1494
1439
1864
783
1835
1554
1501
2023
765
1022
2541
817
983
952
1336
2819
1054
1717
802
2267
1469
934
1048
893
1802
1296
1070
836
741
786
899
1114
750
927
1700
875
628
1281
2235
992
1103
694
1038
715
850
1007
1075
801
5342
2900
1003
752
826
933
849
823
1414
661
796
875
714
708
1383
2707
3518
962
876
3849
2439
700
848
1042
939
925
779
805
1688
1120
819
949
762
1675
787
669
1476
795
712
1461
1648
1829
2149
2060
785
850
1494
849
1026
1548
1425
689
761
798
1261
1449
879
1207
846
1218
938
873
1054
976
932
1621
1772
1810
2033
1254
982
760
1085
1002
1800
818
931
1078
708
1209
2310
1339
2814
862
1485
1472
1740
1080
1582
950
1723
772
1303
845
2063
659
935
2184
1767
7471
1719
1283
891
735
785
1241
6504
860
803
861
1683
781
699
813
1742
835
958
750
733
870
769
939
1782
733
733
890
3183
892
747
3398
646
846
2255
645
1658
1463
959
6228
697
4658
928
750
1681
849
1691
842
708
1032
1244
893
1209
777
831
8108
875
1490
965
1938
825
740
1224
710
795
670
2345
2367
850
2055
4495
1227
923
2842
5098
1221
790
1618
949
2569
2176
750
1314
1542
987
625
897
1848
2879
1048
741
864
1832
1370
651
677
662
1537
982
689
2412
782
789
1020
1590
2313
1218
885
2858
1161
1822
964
1163
1544
932
1514
1691
736
3751
863
774
1740
1541
838
1496
1442
724
799
1291
1428
799
1418
1118
715
3120
2325
797
1589
1600
976
882
865
1140
912
791
802
1414
823
1167
853
1005
1058
1003
848
908
987
747
1559
945
876
1095
1092
1813
909
778
2887
1002
2572
1755
2843
878
3368
1584
1039
778
713
1257
889
1068
846
851
917
799
2241
3200
994
1114
923
1054
1247
783
1727
2099
1462
914
1066
6259
885
912
610
1538
1150
1910
2953
835
5460
1043
1492
4699
1624
1249
1358
983
1026
756
879
1240
791
4298
1629
1757
2539
794
6375
957
1156
903
996
1763
831
814
1645
1028
688
1267
723
2468
1067
3961
614
1757
835
904
859
1054
702
668
912
770
715
1286
936
1033
1566
1187
1461
817
598
674
1159
696
822
898
909
1424
2383
1473
937
983
2098
2861
849
941
877
738
935
1059
911
996
807
1558
2042
1435
856
705
811
3394
730
1332
867
757
748
765
892
1894
1103
1882
604
2114
1030
801
1401
709
892
1616
1037
931
978
1159
2268
885
1055
822
722
687
1231
2879
922
2154
665
668
941
820
1349
780
820
953
590
1552
1007
1051
802
792
1010
737
608
2028
908
1504
957
1018
859
1050
947
751
794
971
788
618
840
792
810
1183
885
1457
769
1652
979
1361
902
1490
819
1562
4247
2523
5228
2748
1928
1070
811
1238
989
650
2838
1366
1074
855
798
838
1045
1022
584
861
701
1631
705
1115
1339
812
3578
918
984
718
771
2391
2639
2031
1460
4264
1088
836
850
975
765
800
1108
2215
796
1231
1552
1035
830
1919
726
994
1134
858
1155
1284
1621
1013
1820
1193
781
773
1984
779
1793
1115
1233
805
743
1298
609
2479
765
1170
738
1322
972
2233
973
1656
1002
1180
1285
2749
1805
1092
939
1203
766
1645
794
1068
1342
674
1213
1362
776
1067
1329
743
824
3376
1892
1039
993
719
1045
2940
954
1217
1951
1370
2830
1015
1893
1235
883
1449
2805
1122
1197
744
1022
606
976
833
12243
770
1612
653
779
692
761
2707
7502
3870
1435
873
1073
985
752
682
2678
5439
1635
1804
1228
1554
1045
815
1858
1222
724
702
1037
799
772
875
1387
2809
897
2345
758
828
1904
764
1982
4
5
-4
5
-3
5
4
-3
4
-3
5
3
-4
-3
-5
5
4
-4
-4
3
3
-8
-4
4
5
4
-7
-3
-4
4
4
-6
3
-4
-4
4
-3
-4
-3
3
-3
-3
4
3
-3
-6
-4
3
-3
-3
4
4
-4
-3
-3
3
4
-4
4
5
-4
-4
-3
3
-3
3
-4
3
-4
3
-3
-3
-4
3
-4
-3
-3
4
-3
4
4
-3
-4
4
3
-3
4
3
3
3
-2
-3
5
-3
-3
4
-4
-4
3
4
-3
-3
4
4
-3
5
-5
-4
3
2
6
4
-3
3
3
-3
-4
-3
-5
4
4
4
-3
3
-3
-4
-4
3
-4
3
-3
4
3
5
4
-3
-4
-4
3
-4
3
-3
3
4
5
4
-3
3
-3
3
3
-3
3
-3
3
-3
3
-4
-4
4
2
-3
4
3
-3
-5
3
3
-4
4
-4
-2
3
-3
-4
-5
-3
4
-4
3
3
-4
-4
4
3
-4
4
4
4
4
5
3
5
0
3
2
3
5
3
-3
4
-4
-3
-3
4
-3
4
-3
5
-4
3
3
4
-4
3
4
-4
-4
4
-3
-4
-3
4
-4
4
4
-3
-4
5
3
-3
4
4
4
-4
-4
3
4
-5
5
4
3
-3
5
3
4
-4
4
-3
-4
-3
-5
4
5
-4
-3
6
4
-3
-3
-3
-4
-4
-3
-2
3
3
4
4
4
-4
4
4
-4
-4
4
4
3
2
4
5
-4
4
5
4
-3
4
4
-3
3
-3
-3
-4
-3
4
-3
-4
3
-3
-5
3
-4
-4
-4
-3
-3
5
2
4
-3
4
4
3
-3
-3
-4
4
-3
-3
4
4
-4
4
3
3
4
-4
3
4
4
-3
-4
-5
4
3
4
4
4
4
3
-3
-3
3
-3
3
4
-5
-3
-3
4
-4
-3
-4
-4
6
4
3
-4
-3
-3
-3
4
-4
6
-3
4
-4
4
-4
-3
-4
-3
4
-3
-3
-3
4
3
4
-3
-4
4
4
-3
-3
-3
-4
5
-4
-3
4
3
3
-4
-4
-4
4
5
-3
3
-3
4
-3
-4
-3
3
4
4
-3
-4
-4
3
-3
-3
-4
4
6
-3
4
-4
-4
4
-3
-4
5
4
-4
5
4
-3
3
3
-3
-4
-3
-4
-4
-3
-3
5
-3
-4
4
-4
-3
3
6
-3
3
3
-4
-4
-4
-4
-4
4
-3
3
3
-4
3
-5
7
-3
4
-3
-3
4
-4
4
5
-3
-4
5
-3
4
-2
-4
3
-4
-3
3
4
3
-5
3
-5
-4
4
-4
-5
3
4
-3
4
10
3
3
-3
3
3
-3
5
4
3
-4
4
3
-4
4
4
-4
4
-3
3
-3
3
-4
3
-3
4
4
7
4
-3
2
3
-3
7
-3
-4
3
5
2
-3
0
-3
4
5
4
4
3
4
5
-4
3
-3
3
4
3
4
5
4
4
4
-3
-3
-3
-4
3
4
-3
-4
7
-2
4
3
4
-2
4
4
-4
4
3
-4
-4
6
-3
-3
-3
-4
8
4
4
-3
-4
3
-4
3
3
3
-4
-4
3
4
-3
4
-3
-4
-4
-4
-4
4
-4
3
-3
-3
-4
4
3
3
-3
-4
-4
-4
4
-4
-3
3
4
3
4
3
-4
-4
3
-3
-3
4
-3
3
4
6
4
-4
3
-3
4
3
-4
-3
4
4
-4
-3
-4
-4
4
4
-4
3
-4
-3
-4
5
4
6
3
-3
-4
-5
-3
4
3
4
5
-4
-3
-4
-3
4
4
-3
-4
-4
-4
-4
3
-3
5
-5
-3
-4
-3
-3
6
-4
3
-3
4
-6
4
4
-3
4
-4
3
6
3
3
3
-4
-1
4
5
-3
4
4
3
-4
-4
-4
-3
-4
3
-2
3
-3
3
-4
4
-4
4
-3
-3
-5
4
3
-4
-3
4
-4
2
-3
-3
4
4
-4
-3
-3
3
4
-4
3
4
4
5
5
-4
7
-3
-3
-3
4
3
4
4
4
5
3
-3
-3
-3
-4
3
-4
-4
-3
-3
4
-3
-3
-3
-3
-3
4
3
3
3
-3
6
-4
-2
3
3
3
4
4
-4
-4
-4
2
5
-4
-3
-4
3
-3
3
3
-3
-3
-4
-4
-4
5
4
-3
3
4
-2
-3
3
-3
-3
5
-3
-3
-3
3
4
3
4
-3
-3
-3
-3
-3
-3
3
-4
-4
-4
4
4
-3
-4
-4
4
-3
-4
-4
-3
4
-4
-4
3
-3
3
4
3
-3
5
-3
-4
4
-3
-2
-4
3
3
6
-3
3
4
3
-3
-3
-4
4
3
3
-3
-4
-3
-3
-4
3
-5
3
4
-2
4
3
4
4
-3
-3
3
4
-4
4
3
4
4
-4
4
-4
3
3
3
3
3
-4
-4
4
-4
-3
-4
-5
-4
4
-4
-4
-4
5
-4
4
4
-2
3
-3
-3
-3
-3
-3
4
3
5
3
4
-4
-4
-3
4
5
4
4
3
5
-5
3
-3
-4
-3
3
-4
4
4
-4
3
6
4
3
-5
3
-4
4
7
-4
4
-3
3
4
6
4
3
4
-4
7
-3
3
3
-4
-3
3
3
4
4
-4
-3
-3
4
-2
3
5
3
-3
-4
-3
-3
4
3
-4
-3
-4
5
-3
-4
5
4
-4
3
-3
8
3
-4
-3
4
-3
-3
4
3
4
3
4
2
3
3
-4
-4
3
-3
-4
